 dihedral_coeff 1 3  1.080000 1 0.000000  1.380000 2 0.000000  0.960000 3 0.000000
 dihedral_coeff 2 1  0.100000 3 0.000000
 dihedral_coeff 3 15  -0.100000 1 0.000000  -0.100000 1 0.000000  -0.100000 1 0.000000  -0.100000 1 0.000000  -0.100000 1 0.000000  0.950000 2 0.000000  0.950000 2 0.000000  0.950000 2 0.000000  0.950000 2 0.000000  0.950000 2 0.000000  0.550000 3 0.000000  0.550000 3 0.000000  0.550000 3 0.000000  0.550000 3 0.000000  0.550000 3 0.000000
 dihedral_coeff 4 5  0.160000 3 0.000000  0.160000 3 0.000000  0.160000 3 0.000000  0.160000 3 0.000000  0.160000 3 0.000000
 dihedral_coeff 5 6  0.450000 1 0.000000  0.450000 1 0.000000  0.450000 1 0.000000  0.450000 1 0.000000  0.450000 1 0.000000  0.450000 1 0.000000
 dihedral_coeff 6 11  0.100000 3 0.000000  0.100000 3 0.000000  0.100000 3 0.000000  0.100000 3 0.000000  0.100000 3 0.000000  0.100000 3 0.000000  0.100000 3 0.000000  0.100000 3 0.000000  0.100000 3 0.000000  0.100000 3 0.000000  0.100000 3 0.000000
 dihedral_coeff 7 3  0.160000 3 0.000000  0.160000 3 0.000000  0.160000 3 0.000000
 dihedral_coeff 8 5  -0.270000 1 0.000000  -0.270000 1 0.000000  -0.270000 1 0.000000  -0.270000 1 0.000000  -0.270000 1 0.000000
 dihedral_coeff 9 3  1.080000 1 0.000000  1.380000 2 0.000000  0.960000 3 0.000000
 dihedral_coeff 10 10  -1.100000 1 0.000000  -1.100000 1 0.000000  -1.100000 1 0.000000  -1.100000 1 0.000000  -1.100000 1 0.000000  0.250000 2 0.000000  0.250000 2 0.000000  0.250000 2 0.000000  0.250000 2 0.000000  0.250000 2 0.000000
 dihedral_coeff 11 1  0.400000 2 0.000000
 dihedral_coeff 12 3  1.080000 1 0.000000  1.380000 2 0.000000  0.960000 3 0.000000
 dihedral_coeff 13 1  -0.270000 1 0.000000
 dihedral_coeff 14 2  -1.100000 1 0.000000  0.250000 2 0.000000
 dihedral_coeff 15 1  0.180000 3 0.000000
 dihedral_coeff 16 1  0.180000 3 0.000000
 dihedral_coeff 17 1  0.180000 3 0.000000
 dihedral_coeff 18 1  0.050000 3 0.000000
 dihedral_coeff 19 2  0.270000 3 0.000000  0.270000 3 0.000000
