LAMMPS data file generated via ParmEd (v3)

45 atoms
46 bonds
83 angles
157 dihedrals
6 atom types
6 bond types
14 angle types
19 dihedral types
Masses

1 1.008000   # Ho
2 16.000000   # Oh
3 12.010000   # Cg
4 1.008000   # H2
5 12.010000   # Cg
6 1.008000   # H1

Atoms

1 1 1 0.445000 -3.766903 9.089939 -1.562014
2 1 2 -0.639000 -4.172209 9.583274 -2.278916
3 1 3 0.509000 -4.187791 8.538824 -3.255533
4 1 4 0.000000 -3.172849 8.197438 -3.459123
5 1 3 0.246000 -4.821812 9.108494 -4.557311
6 1 5 0.000000 -4.693743 8.360743 -5.341370
7 1 3 0.286000 -6.331501 9.373390 -4.379779
8 1 5 0.000000 -6.471435 10.215179 -3.698403
9 1 3 0.254000 -7.080084 8.134103 -3.834802
10 1 5 0.000000 -7.058010 7.338154 -4.582091
11 1 3 0.283000 -6.440113 7.624649 -2.526466
12 1 5 0.000000 -6.573633 8.390363 -1.759446
13 1 3 0.276000 -7.083751 6.311897 -2.023945
14 1 5 0.000000 -6.634358 5.998964 -1.081492
15 1 5 0.000000 -8.151313 6.460286 -1.854911
16 1 1 0.437000 -3.939898 10.874905 -4.220095
17 1 6 -0.574000 -4.969153 7.417704 -2.734913
18 1 2 -0.710000 -8.461645 8.494132 -3.575822
19 1 1 0.436000 -8.800596 8.923361 -4.374507
20 1 2 -0.699000 -6.893773 9.723003 -5.672035
21 1 1 0.427000 -6.277588 10.333411 -6.099593
22 1 2 -0.713000 -4.144241 10.331887 -4.993700
23 1 6 -0.458000 -6.897191 5.248734 -2.983121
24 1 3 0.509000 -7.456634 3.945087 -2.637971
25 1 4 0.000000 -7.011452 3.576097 -1.713980
26 1 3 0.246000 -7.139773 2.963285 -3.802788
27 1 5 0.000000 -7.423360 1.961598 -3.476468
28 1 3 0.286000 -7.950855 3.310225 -5.068736
29 1 5 0.000000 -7.581909 4.249358 -5.486314
30 1 3 0.254000 -9.464900 3.431640 -4.775247
31 1 5 0.000000 -9.860093 2.453750 -4.492376
32 1 3 0.283000 -9.735331 4.440229 -3.639262
33 1 5 0.000000 -9.438074 5.432563 -3.984771
34 1 3 0.276000 -11.226338 4.490158 -3.233647
35 1 5 0.000000 -11.864076 4.536906 -4.116373
36 1 5 0.000000 -11.491370 3.591846 -2.674118
37 1 2 -0.682000 -11.499051 5.653478 -2.422814
38 1 1 0.418000 -11.568065 6.430077 -2.982931
39 1 6 -0.574000 -8.899260 4.086853 -2.445063
40 1 2 -0.710000 -10.143419 3.880433 -5.976746
41 1 1 0.436000 -9.858600 3.302934 -6.699515
42 1 2 -0.699000 -7.751793 2.256375 -6.047551
43 1 1 0.427000 -6.810899 2.033219 -6.044474
44 1 2 -0.713000 -5.708074 2.942060 -4.112647
45 1 1 0.437000 -5.359955 3.843078 -4.067180

Bonds

1 2 2 3
2 3 3 17
3 5 3 5
4 5 5 7
5 2 5 22
6 5 7 9
7 2 7 20
8 5 9 11
9 2 9 18
10 5 11 13
11 3 11 17
12 3 13 23
13 3 23 24
14 3 24 39
15 5 24 26
16 5 26 28
17 2 26 44
18 5 28 30
19 2 28 42
20 5 30 32
21 2 30 40
22 5 32 34
23 3 32 39
24 2 34 37
25 1 1 2
26 4 3 4
27 6 5 6
28 6 7 8
29 6 9 10
30 6 11 12
31 6 13 14
32 6 13 15
33 1 16 22
34 1 18 19
35 1 20 21
36 4 24 25
37 6 26 27
38 6 28 29
39 6 30 31
40 6 32 33
41 6 34 35
42 6 34 36
43 1 37 38
44 1 40 41
45 1 42 43
46 1 44 45

Angles

1 2 2 3 17
2 4 2 3 5
3 5 3 17 11
4 7 3 5 7
5 4 3 5 22
6 10 5 3 17
7 7 5 7 9
8 4 5 7 20
9 4 7 5 22
10 7 7 9 11
11 4 7 9 18
12 4 9 7 20
13 7 9 11 13
14 10 9 11 17
15 4 11 9 18
16 10 11 13 23
17 10 13 11 17
18 5 13 23 24
19 14 23 24 39
20 10 23 24 26
21 5 24 39 32
22 7 24 26 28
23 4 24 26 44
24 10 26 24 39
25 7 26 28 30
26 4 26 28 42
27 4 28 26 44
28 7 28 30 32
29 4 28 30 40
30 4 30 28 42
31 7 30 32 34
32 10 30 32 39
33 4 32 30 40
34 4 32 34 37
35 10 34 32 39
36 1 1 2 3
37 3 2 3 4
38 6 3 5 6
39 8 4 3 17
40 9 4 3 5
41 6 5 7 8
42 1 5 22 16
43 6 6 5 7
44 11 6 5 22
45 6 7 9 10
46 1 7 20 21
47 6 8 7 9
48 11 8 7 20
49 6 9 11 12
50 1 9 18 19
51 6 10 9 11
52 11 10 9 18
53 6 11 13 14
54 6 11 13 15
55 6 12 11 13
56 12 12 11 17
57 13 14 13 15
58 12 14 13 23
59 12 15 13 23
60 8 23 24 25
61 6 24 26 27
62 8 25 24 39
63 9 25 24 26
64 6 26 28 29
65 1 26 44 45
66 6 27 26 28
67 11 27 26 44
68 6 28 30 31
69 1 28 42 43
70 6 29 28 30
71 11 29 28 42
72 6 30 32 33
73 1 30 40 41
74 6 31 30 32
75 11 31 30 40
76 6 32 34 35
77 6 32 34 36
78 6 33 32 34
79 12 33 32 39
80 1 34 37 38
81 13 35 34 36
82 11 35 34 37
83 11 36 34 37

Dihedrals

1 2 2 3 17 11
2 3 2 3 17 11
3 4 2 3 17 11
4 6 2 3 5 7
5 7 2 3 5 22
6 8 2 3 5 22
7 9 2 3 5 22
8 10 3 17 11 9
9 10 3 17 11 13
10 13 3 5 7 9
11 6 3 5 7 20
12 10 5 3 17 11
13 13 5 7 9 11
14 6 5 7 9 18
15 16 7 5 3 17
16 13 7 9 11 13
17 16 7 9 11 17
18 6 9 7 5 22
19 16 9 11 13 23
20 6 11 9 7 20
21 10 11 13 23 24
22 6 13 11 9 18
23 2 13 23 24 39
24 3 13 23 24 39
25 4 13 23 24 39
26 10 13 23 24 26
27 17 17 3 5 22
28 18 17 3 5 22
29 17 17 11 9 18
30 18 17 11 9 18
31 19 17 11 13 23
32 7 18 9 7 20
33 8 18 9 7 20
34 9 18 9 7 20
35 7 20 7 5 22
36 8 20 7 5 22
37 9 20 7 5 22
38 2 23 24 39 32
39 3 23 24 39 32
40 4 23 24 39 32
41 16 23 24 26 28
42 17 23 24 26 44
43 18 23 24 26 44
44 10 24 39 32 30
45 10 24 39 32 34
46 13 24 26 28 30
47 6 24 26 28 42
48 10 26 24 39 32
49 13 26 28 30 32
50 6 26 28 30 40
51 16 28 26 24 39
52 13 28 30 32 34
53 16 28 30 32 39
54 6 30 28 26 44
55 6 30 32 34 37
56 6 32 30 28 42
57 6 34 32 30 40
58 17 37 34 32 39
59 18 37 34 32 39
60 17 39 24 26 44
61 18 39 24 26 44
62 17 39 32 30 40
63 18 39 32 30 40
64 7 40 30 28 42
65 8 40 30 28 42
66 9 40 30 28 42
67 7 42 28 26 44
68 8 42 28 26 44
69 9 42 28 26 44
70 1 1 2 3 17
71 1 1 2 3 4
72 1 1 2 3 5
73 5 2 3 5 6
74 11 3 17 11 12
75 12 3 5 7 8
76 1 3 5 22 16
77 14 4 3 17 11
78 6 4 3 17 11
79 15 4 3 5 6
80 12 4 3 5 7
81 5 4 3 5 22
82 12 5 7 9 10
83 1 5 7 20 21
84 5 6 5 3 17
85 15 6 5 7 8
86 12 6 5 7 9
87 5 6 5 7 20
88 1 6 5 22 16
89 1 7 5 22 16
90 12 7 9 11 12
91 1 7 9 18 19
92 5 8 7 5 22
93 15 8 7 9 10
94 12 8 7 9 11
95 5 8 7 9 18
96 1 8 7 20 21
97 1 9 7 20 21
98 12 9 11 13 14
99 12 9 11 13 15
100 5 10 9 7 20
101 15 10 9 11 12
102 12 10 9 11 13
103 5 10 9 11 17
104 1 10 9 18 19
105 1 11 9 18 19
106 5 12 11 9 18
107 15 12 11 13 14
108 15 12 11 13 15
109 5 12 11 13 23
110 14 13 23 24 25
111 6 13 23 24 25
112 5 14 13 11 17
113 11 14 13 23 24
114 5 15 13 11 17
115 11 15 13 23 24
116 5 23 24 26 27
117 11 24 39 32 33
118 12 24 26 28 29
119 1 24 26 44 45
120 14 25 24 39 32
121 6 25 24 39 32
122 15 25 24 26 27
123 12 25 24 26 28
124 5 25 24 26 44
125 12 26 28 30 31
126 1 26 28 42 43
127 5 27 26 24 39
128 15 27 26 28 29
129 12 27 26 28 30
130 5 27 26 28 42
131 1 27 26 44 45
132 1 28 26 44 45
133 12 28 30 32 33
134 1 28 30 40 41
135 5 29 28 26 44
136 15 29 28 30 31
137 12 29 28 30 32
138 5 29 28 30 40
139 1 29 28 42 43
140 1 30 28 42 43
141 12 30 32 34 35
142 12 30 32 34 36
143 5 31 30 28 42
144 15 31 30 32 33
145 12 31 30 32 34
146 5 31 30 32 39
147 1 31 30 40 41
148 1 32 30 40 41
149 1 32 34 37 38
150 5 33 32 30 40
151 15 33 32 34 35
152 15 33 32 34 36
153 5 33 32 34 37
154 5 35 34 32 39
155 1 35 34 37 38
156 5 36 34 32 39
157 1 36 34 37 38
